Input Width    = 5
Input Height   = 5
Input Channels = 3
Filter Size    = 3
Num Filters    = 2
Stride         = 2
Padding        = 1

Input:
2.00, 2.00, 2.00, 2.00, 0.00,
0.00, 0.00, 2.00, 2.00, 1.00,
2.00, 0.00, 1.00, 1.00, 2.00,
1.00, 0.00, 1.00, 1.00, 0.00,
2.00, 1.00, 0.00, 1.00, 2.00,

2.00, 1.00, 0.00, 1.00, 1.00,
2.00, 2.00, 1.00, 2.00, 0.00,
2.00, 2.00, 1.00, 1.00, 0.00,
2.00, 2.00, 1.00, 1.00, 1.00,
0.00, 0.00, 0.00, 1.00, 0.00,

1.00, 2.00, 2.00, 0.00, 0.00,
2.00, 0.00, 0.00, 1.00, 0.00,
1.00, 0.00, 2.00, 1.00, 2.00,
0.00, 2.00, 1.00, 1.00, 1.00,
2.00, 2.00, 2.00, 2.00, 1.00

Filters:
-1.00,  1.00, -1.00, 0.00, -1.00,  1.00, 1.00, -1.00, -1.00,
 0.00, -1.00,  1.00, 0.00,  1.00, -1.00, 0.00, -1.00,  1.00,
 0.00,  1.00,  0.00, 0.00, -1.00,  1.00, 0.00,  1.00,  0.00,
 1.00,

-1.00, 1.00,  0.00, 0.00, 0.00,  0.00, -1.00, 1.00, -1.00,
-1.00, 1.00,  0.00, 1.00, 1.00, -1.00, -1.00, 0.00, -1.00,
 0.00, 1.00, -1.00, 1.00, 1.00,  1.00,  0.00, 1.00, -1.00,
 0.00

Output:
 5.00, -5.00,  3.00,
-1.00,  0.00, -3.00,
 1.00,  2.00, -3.00, 

4.00, -1.00, -1.00,
2.00,  2.00,  0.00,
5.00,  5.00,  4.00

Gradient:
// 0 - (0, 0, 0)
0.00,   0.00,   0.00,   0.00,   2.00,   2.00,   0.00,   0.00,   0.00,  
0.00,   0.00,   0.00,   0.00,   2.00,   1.00,   0.00,   2.00,   2.00,   
0.00,   0.00,   0.00,   0.00,   1.00,   2.00,   0.00,   2.00,   0.00,   
1.00  

// 0 - (0, 0, 1)
0.00,   0.00,   0.00,   0.00,   0.00,   0.00,   0.00,   0.00,   0.00,   
0.00,   0.00,   0.00,   0.00,   0.00,   0.00,   0.00,   0.00,   0.00,   
0.00,   0.00,   0.00,   0.00,   0.00,   0.00,   0.00,   0.00,   0.00,   
0.00

// 0 - (1, 0, 0)
0.00,   0.00,   0.00,   2.00,   2.00,   2.00,   0.00,   2.00,   2.00,   
0.00,   0.00,   0.00,   1.00,   0.00,   1.00,   2.00,   1.00,   2.00, 
0.00,   0.00,   0.00,   2.00,   2.00,   0.00,   0.00,   0.00,   1.00,
1.00 

// 0 - (1, 0, 1)
0.00,   0.00,   0.00,   0.00,   0.00,   0.00,   0.00,   0.00,   0.00,   
0.00,   0.00,   0.00,   0.00,   0.00,   0.00,   0.00,   0.00,   0.00,   
0.00,   0.00,   0.00,   0.00,   0.00,   0.00,   0.00,   0.00,   0.00,   
0.00

// 0 - (2, 0, 0)
0.00,   0.00,   0.00,   2.00,   0.00,   0.00,   2.00,   1.00,   0.00,   
0.00,   0.00,   0.00,   1.00,   1.00,   0.00,   2.00,   0.00,   0.00,   
0.00,   0.00,   0.00,   0.00,   0.00,   0.00,   1.00,   0.00,   0.00,   
1.00   

// 0 - (2, 0, 1)
0.00,   0.00,   0.00,   0.00,   0.00,   0.00,   0.00,   0.00,   0.00,   
0.00,   0.00,   0.00,   0.00,   0.00,   0.00,   0.00,   0.00,   0.00,   
0.00,   0.00,   0.00,   0.00,   0.00,   0.00,   0.00,   0.00,   0.00,   
0.00

// 0 - (0, 1, 0)
0.00,   0.00,   0.00,   0.00,   2.00,   0.00,   0.00,   1.00,   0.00,   
0.00,   2.00,   2.00,   0.00,   2.00,   2.00,   0.00,   2.00,   2.00,   
0.00,   2.00,   0.00,   0.00,   1.00,   0.00,   0.00,   0.00,   2.00,   
1.00   

// 0 - (0, 1, 1)
0.00,   0.00,   0.00,   0.00,   0.00,   0.00,   0.00,   0.00,   0.00,   
0.00,   0.00,   0.00,   0.00,   0.00,   0.00,   0.00,   0.00,   0.00,   
0.00,   0.00,   0.00,   0.00,   0.00,   0.00,   0.00,   0.00,   0.00,   
0.00

// 0 - (1, 1, 0)
0.00,   2.00,   2.00,   0.00,   1.00,   1.00,   0.00,   1.00,   1.00,   
2.00,   1.00,   2.00,   2.00,   1.00,   1.00,   2.00,   1.00,   1.00,   
0.00,   0.00,   1.00,   0.00,   2.00,   1.00,   2.00,   1.00,   1.00,   
1.00  

// 0 - (1, 1, 1)
0.00,   0.00,   0.00,   0.00,   0.00,   0.00,   0.00,   0.00,   0.00,   
0.00,   0.00,   0.00,   0.00,   0.00,   0.00,   0.00,   0.00,   0.00,   
0.00,   0.00,   0.00,   0.00,   0.00,   0.00,   0.00,   0.00,   0.00,   
0.00

// 0 - (2, 1, 0)
2.00,   1.00,   0.00,   1.00,   2.00,   0.00,   1.00,   0.00,   0.00,   
2.00,   0.00,   0.00,   1.00,   0.00,   0.00,   1.00,   1.00,   0.00,   
1.00,   0.00,   0.00,   1.00,   2.00,   0.00,   1.00,   1.00,   0.00,   
1.00 

// 0 - (2, 1, 1)
0.00,   0.00,   0.00,   0.00,   0.00,   0.00,   0.00,   0.00,   0.00,   
0.00,   0.00,   0.00,   0.00,   0.00,   0.00,   0.00,   0.00,   0.00,  
0.00,   0.00,   0.00,   0.00,   0.00,   0.00,   0.00,   0.00,   0.00,   
0.00

// 0 - (0, 2, 0)
0.00,   1.00,   0.00,   0.00,   2.00,   1.00,   0.00,   0.00,   0.00,   
0.00,   2.00,   2.00,   0.00,   0.00,   0.00,   0.00,   0.00,   0.00,   
0.00,   0.00,   2.00,   0.00,   2.00,   2.00,   0.00,   0.00,   0.00,   
1.00   

// 0 - (0, 2, 1)
0.00,   0.00,   0.00,   0.00,   0.00,   0.00,   0.00,   0.00,   0.00,   
0.00,   0.00,   0.00,   0.00,   0.00,   0.00,   0.00,   0.00,   0.00,   
0.00,   0.00,   0.00,   0.00,   0.00,   0.00,   0.00,   0.00,   0.00,   
0.00

// 0 - (1, 2, 0)
0.00,   1.00,   1.00,   1.00,   0.00,   1.00,   0.00,   0.00,   0.00,   
2.00,   1.00,   1.00,   0.00,   0.00,   1.00,   0.00,   0.00,   0.00,   
2.00,   1.00,   1.00,   2.00,   2.00,   2.00,   0.00,   0.00,   0.00,   
1.00 

// 0 - (1, 2, 1)
0.00,   0.00,   0.00,   0.00,   0.00,   0.00,   0.00,   0.00,   0.00,   
0.00,   0.00,   0.00,   0.00,   0.00,   0.00,   0.00,   0.00,   0.00,   
0.00,   0.00,   0.00,   0.00,   0.00,   0.00,   0.00,   0.00,   0.00,   
0.00

// 0 - (2, 2, 0)
1.00,   0.00,   0.00,   1.00,   2.00,   0.00,   0.00,   0.00,   0.00,   
1.00,   1.00,   0.00,   1.00,   0.00,   0.00,   0.00,   0.00,   0.00,   
1.00,   1.00,   0.00,   2.00,   1.00,   0.00,   0.00,   0.00,   0.00,   
1.00  

// 0 - (2, 2, 1)
0.00,   0.00,   0.00,   0.00,   0.00,   0.00,   0.00,   0.00,   0.00,   
0.00,   0.00,   0.00,   0.00,   0.00,   0.00,   0.00,   0.00,   0.00,   
0.00,   0.00,   0.00,   0.00,   0.00,   0.00,   0.00,   0.00,   0.00,   
0.00

//-----------------------------------------------------------------//

// 1 - (0, 0, 0)
0.00,   0.00,   0.00,   0.00,   0.00,   0.00,   0.00,   0.00,   0.00,   
0.00,   0.00,   0.00,   0.00,   0.00,   0.00,   0.00,   0.00,   0.00,   
0.00,   0.00,   0.00,   0.00,   0.00,   0.00,   0.00,   0.00,   0.00,   
0.00  

// 1 - (0, 0, 1)
0.00,   0.00,   0.00,   0.00,   2.00,   2.00,   0.00,   0.00,   0.00,  
0.00,   0.00,   0.00,   0.00,   2.00,   1.00,   0.00,   2.00,   2.00,   
0.00,   0.00,   0.00,   0.00,   1.00,   2.00,   0.00,   2.00,   0.00,   
1.00

// 1 - (1, 0, 0)
0.00,   0.00,   0.00,   0.00,   0.00,   0.00,   0.00,   0.00,   0.00,   
0.00,   0.00,   0.00,   0.00,   0.00,   0.00,   0.00,   0.00,   0.00,  
0.00,   0.00,   0.00,   0.00,   0.00,   0.00,   0.00,   0.00,   0.00,   
0.00   

// 1 - (1, 0, 1)
0.00,   0.00,   0.00,   2.00,   2.00,   2.00,   0.00,   2.00,   2.00,   
0.00,   0.00,   0.00,   1.00,   0.00,   1.00,   2.00,   1.00,   2.00,   
0.00,   0.00,   0.00,   2.00,   2.00,   0.00,   0.00,   0.00,   1.00,   
1.00

// 1 - (2, 0, 0)
0.00,   0.00,   0.00,   0.00,   0.00,   0.00,   0.00,   0.00,   0.00,   
0.00,   0.00,   0.00,   0.00,   0.00,   0.00,   0.00,   0.00,   0.00,   
0.00,   0.00,   0.00,   0.00,   0.00,   0.00,   0.00,   0.00,   0.00,   
0.00   

// 1 - (2, 0, 1)
0.00,   0.00,   0.00,   2.00,   0.00,   0.00,   2.00,   1.00,   0.00,   
0.00,   0.00,   0.00,   1.00,   1.00,   0.00,   2.00,   0.00,   0.00,   
0.00,   0.00,   0.00,   0.00,   0.00,   0.00,   1.00,   0.00,   0.00,   
1.00

// 1 - (0, 1, 0)
0.00,   0.00,   0.00,   0.00,   0.00,   0.00,   0.00,   0.00,   0.00,   
0.00,   0.00,   0.00,   0.00,   0.00,   0.00,   0.00,   0.00,   0.00,   
0.00,   0.00,   0.00,   0.00,   0.00,   0.00,   0.00,   0.00,   0.00,   
0.00   

// 1 - (0, 1, 1)
0.00,   0.00,   0.00,   0.00,   2.00,   0.00,   0.00,   1.00,   0.00,   
0.00,   2.00,   2.00,   0.00,   2.00,   2.00,   0.00,   2.00,   2.00,   
0.00,   2.00,   0.00,   0.00,   1.00,   0.00,   0.00,   0.00,   2.00,   
1.00

// 1 - (1, 1, 0)
0.00,   0.00,   0.00,   0.00,   0.00,   0.00,   0.00,   0.00,   0.00,   
0.00,   0.00,   0.00,   0.00,   0.00,   0.00,   0.00,   0.00,   0.00,   
0.00,   0.00,   0.00,   0.00,   0.00,   0.00,   0.00,   0.00,   0.00,   
0.00  

// 1 - (1, 1, 1)
0.00,   2.00,   2.00,   0.00,   1.00,   1.00,   0.00,   1.00,   1.00,   
2.00,   1.00,   2.00,   2.00,   1.00,   1.00,   2.00,   1.00,   1.00,  
0.00,   0.00,   1.00,   0.00,   2.00,   1.00,   2.00,   1.00,   1.00,   
1.00
 
// 1 - (2, 1, 0)
0.00,   0.00,   0.00,   0.00,   0.00,   0.00,   0.00,   0.00,   0.00,   
0.00,   0.00,   0.00,   0.00,   0.00,   0.00,   0.00,   0.00,   0.00,   
0.00,   0.00,   0.00,   0.00,   0.00,   0.00,   0.00,   0.00,   0.00,   
0.00   

// 1 - (2, 1, 1)
2.00,   1.00,   0.00,   1.00,   2.00,   0.00,   1.00,   0.00,   0.00,   
2.00,   0.00,   0.00,   1.00,   0.00,   0.00,   1.00,   1.00,   0.00,   
1.00,   0.00,   0.00,   1.00,   2.00,   0.00,   1.00,   1.00,   0.00,   
1.00

// 1 - (0, 2, 0)
0.00,   0.00,   0.00,   0.00,   0.00,   0.00,   0.00,   0.00,   0.00,   
0.00,   0.00,   0.00,   0.00,   0.00,   0.00,   0.00,   0.00,   0.00,   
0.00,   0.00,   0.00,   0.00,   0.00,   0.00,   0.00,   0.00,   0.00,   
0.00   

// 1 - (0, 2, 1)
0.00,   1.00,   0.00,   0.00,   2.00,   1.00,   0.00,   0.00,   0.00,   
0.00,   2.00,   2.00,   0.00,   0.00,   0.00,   0.00,   0.00,   0.00,   
0.00,   0.00,   2.00,   0.00,   2.00,   2.00,   0.00,   0.00,   0.00,   
1.00

// 1 - (1, 2, 0)
0.00,   0.00,   0.00,   0.00,   0.00,   0.00,   0.00,   0.00,   0.00,   
0.00,   0.00,   0.00,   0.00,   0.00,   0.00,   0.00,   0.00,   0.00,   
0.00,   0.00,   0.00,   0.00,   0.00,   0.00,   0.00,   0.00,   0.00,   
0.00   

// 1 - (1, 2, 1)
0.00,   1.00,   1.00,   1.00,   0.00,   1.00,   0.00,   0.00,   0.00,   
2.00,   1.00,   1.00,   0.00,   0.00,   1.00,   0.00,   0.00,   0.00,   
2.00,   1.00,   1.00,   2.00,   2.00,   2.00,   0.00,   0.00,   0.00,   
1.00

// 1 - (2, 2, 0)
0.00,   0.00,   0.00,   0.00,   0.00,   0.00,   0.00,   0.00,   0.00,   
0.00,   0.00,   0.00,   0.00,   0.00,   0.00,   0.00,   0.00,   0.00,   
0.00,   0.00,   0.00,   0.00,   0.00,   0.00,   0.00,   0.00,   0.00,   
0.00  

// 1 - (2, 2, 1)
1.00,   0.00,   0.00,   1.00,   2.00,   0.00,   0.00,   0.00,   0.00,   
1.00,   1.00,   0.00,   1.00,   0.00,   0.00,   0.00,   0.00,   0.00,   
1.00,   1.00,   0.00,   2.00,   1.00,   0.00,   0.00,   0.00,   0.00,   
1.00
